4294967279,71
4294967279,70
4294967279,69
4294967279,68
4294967279,80
4294967279,79
4294967279,78
4294967279,77
4294967279,76
4294967279,75
4294967279,74
4294967279,73
4294967279,72
4294967278,249
4294967279,517
4294967278,247
4294967279,246
4294967278,245
4294967279,244
4294967278,243
4294967279,242
4294967279,90
4294967279,89
4294967279,87
4294967279,86
4294967279,85
4294967279,84
4294967279,83
4294967279,82
4294967279,81
4294967278,241
4294967279,240
4294967278,239
4294967279,516
4294967278,332
4294967279,238
4294967279,102
4294967279,101
4294967279,100
4294967279,99
4294967279,98
4294967279,97
4294967279,96
4294967279,95
4294967279,94
4294967279,93
4294967279,92
4294967279,91
4294967278,236
4294967279,515
4294967278,235
4294967279,233
4294967278,232
4294967279,127
4294967279,126
4294967279,125
4294967279,124
4294967279,123
4294967279,122
4294967279,121
4294967279,120
4294967279,119
4294967279,118
4294967279,117
4294967279,116
4294967279,115
4294967279,114
4294967279,113
4294967279,112
4294967279,108
4294967279,224
4294967279,106
4294967279,105
4294967279,104
4294967279,103
4294967279,111
4294967279,232
4294967278,231
4294967279,110
4294967279,230
4294967278,228
4294967279,109
4294967279,228
4294967278,226
4294967279,225
4294967278,224
4294967279,107
4294967278,222
4294967278,220
4294967278,218
4294967278,40
4294967278,39
4294967278,38
4294967278,37
4294967278,36
4294967278,35
4294967278,34
4294967278,33
4294967278,293
4294967278,32
4294967278,292
4294967278,31
4294967278,30
4294967278,291
4294967278,29
4294967278,28
4294967278,27
4294967278,26
4294967278,25
4294967278,24
4294967278,23
4294967278,22
4294967278,21
4294967278,20
4294967278,19
4294967278,18
4294967278,17
4294967278,16
4294967278,15
4294967278,14
4294967278,13
4294967278,12
4294967278,11
4294967278,10
4294967278,9
4294967278,8
4294967278,7
4294967278,6
4294967278,5
4294967278,4
4294967279,132
4294967279,131
4294967279,130
4294967279,129
4294967279,128
4294967279,288
4294967279,31
4294967279,286
4294967279,30
4294967279,29
4294967279,26
4294967279,21
4294967279,19
4294967279,18
4294967279,16
4294967279,12
4294967279,11
4294967279,10
4294967278,217
2,2
4294967278,214
4294967278,331
4294967279,514
4294967278,330
4294967279,513
4294967278,329
4294967278,210
4294967294,436
4294967294,397
4294967294,408
4294967294,400
4294967294,178
4294967294,406
4294967294,948
4294967294,177
4294967294,420
4294967294,912
4294967294,402
4294967294,414
4294967294,116
4294967294,112
4294967294,461
4294967294,184
4294967294,119
4294967294,455
4294967279,512
4294967278,209
4294967278,328
4294967278,208
4294967278,207
4294967278,204
4294967278,206
17,5
17,4
4294967278,205
17,3
17,2
17,1
4294967278,327
4294967278,203
4294967278,202
4294967279,319
4294967278,201
4294967278,200
4294967294,115
4294967278,199
4294967278,326
4294967279,318
4294967279,317
4294967278,198
15,6
4294967294,386
4294967278,195
4294967279,316
4294967278,325
4294967278,324
15,5
4294967278,194
4294967294,89
4294967278,193
15,4
15,3
15,2
15,1
4294967279,315
4294967278,192
4294967278,191
4294967294,1416
4294967278,190
4294967278,323
4294967279,314
4294967279,313
4294967278,189
14,5
4294967278,187
14,4
4294967278,186
14,3
14,2
14,1
4294967278,322
4294967278,185
4294967279,312
4294967278,321
4294967279,311
4294967278,320
4294967279,310
4294967278,180
4294967278,179
4294967278,176
4294967278,178
13,5
13,4
4294967278,177
13,3
13,2
13,1
4294967278,319
4294967294,950
4294967278,172
4294967279,309
4294967278,318
4294967278,317
12,5
4294967278,171
4294967278,170
12,4
12,3
12,2
12,1
4294967279,308
4294967278,169
4294967278,168
4294967278,167
4294967278,316
4294967279,307
4294967279,306
4294967278,166
4294967278,164
11,4
4294967278,163
11,3
11,2
11,1
4294967278,315
4294967278,162
4294967278,300
4294967294,393
4294967294,392
4294967294,46
4294967294,388
4294967294,114
4294967294,120
4294967279,305
4294967278,314
4294967278,299
4294967279,304
